2.000000000000000000e+02 6.679176287570365300e-11 5.821547432484364126e-11
2.250000000000000000e+02 7.782645285604045116e-11 6.220518696496701860e-11
2.500000000000000000e+02 9.601783463372010052e-11 6.986665814032871902e-11
3.000000000000000000e+02 2.009846332331338692e-10 1.106680146828464828e-10
3.250000000000000000e+02 3.351498290048507411e-10 1.736777772379932694e-10
3.500000000000000000e+02 6.143477924731161055e-10 3.184630279753561388e-10
3.750000000000000000e+02 1.213785997709534992e-09 6.567018009029021441e-10
4.000000000000000000e+02 2.521985987126267037e-09 1.421104269851147794e-09
4.250000000000000000e+02 5.351975603364381162e-09 3.085316584681974117e-09
4.500000000000000000e+02 1.120073338841797578e-08 6.629825857360979735e-09
4.750000000000000000e+02 2.218599349124595471e-08 1.412437500313869221e-08
5.000000000000000000e+02 4.112590193340506101e-08 3.019413277348045876e-08
5.250000000000000000e+02 7.266695802683395544e-08 6.547107236486594123e-08
5.500000000000000000e+02 1.526160975976430245e-07 1.252623416124259634e-07
5.750000000000000000e+02 3.821448202003712227e-07 2.145312291694945889e-07
6.000000000000000000e+02 1.080911611335989148e-06 3.688939256773441505e-07
6.250000000000000000e+02 4.676147224613238507e+01 5.710468508247521988e-07
